11111. 739

Cdo· (1110111 11 Zeu· 1), 171-173. 01111 fille 11111101, 83, 101 (1.4),
01111011, 911111 Phaethon, 103, 106, 1108, 118, 116, 13110.1111111111
105. 1 Manca, 1111111011 11111111 11111111,
Κφαυνοβὸλος, 1111111111 111111, 114 116·11711111111111111010011111111,
(1.5). 116, 11811111111 1111111111, 1511
0111111, chien 11111011, 301, 715. 1011191110.111111111111111101, 100·
0111111111 (11110901, amante 11 1011 tradition· 1111111 111 11 1111111111
Poseidon, 675. 695, 701. 11 0., 1190301 (1.11111111111111101
111111011111110101, 718111111 1011111, 17, 118, 1101 1101110111 111·
11111117151 111111 11011111, 7111 1191111 111111111111111111 C.. 111,
1111111111 1)1111111,31,7ο910. am 11 1111111, 130-131, 133, 3351
18111110710711, 7161 0. legifera, prodige 1110111111 par 0., 131·1311 11
7111 11111 111111) don 1 01111, 514, 11101111 11 0., 118, 1331 11 101131 11
718110, 11111 du 111101111111191· 1551 638ἶ9088ᾖ1831ῗ8ΐῗ1881811
rideo, 1 (11. 7). 111 1111111, 190·192, 355-3561 (111
011 111111111111111111υο111568. ulysse. 106, 118-111, 130-131, 141-

01111111111111 (111 Amazones), 568. 141, 144, 510 (n. 9), 678.

01101111 111 'uos 11 01111, 1311 0111110101),1011111110101111101,
1118111111 311111111181111011101, 7 .
1331 (10191111, 1371 11111111, 138· 010101, 1111111111 11101101, 451,
13 1111111110, 150-151. 465, 494, 510.

3100111116, 11, 161 pore 11 Nyx 0101111, 1111111811111011, 8.
1111 Gaia. 305. 0111011111, 3011111, 176, 1893.

Chariclo, 01111111, femme 11 Chi· 01110110κοί1 (11), 198.
ron. 697. Voir 01111011. Clio, 01111111, 659.

Charis, 1110111 1111111111101, 591, Cloantho (1111111 11) nux 11111111
590132161193Ξ1), 111111 1811110111 11 laffiffigls'on· 1111101111, 186.
de Zeuu, 71 111 01111 1911101111, 618, 01)1111111,(1)11111111(1111110111111111
705; - 11 11111, 705; - 11 Dionynou, de Phaethon, 103, 1051 (1) Nympho
05; 111 Ch. 11 1111111111 dan· 11 11111 dano 111 0101111111. 51, 576.
{omine Acidalia. 6311 11 Charite 01)11111111,11111’111110111 pere 11
11111111, 409, 705. Phaethon, 104.

ξὴανὲη, nochor 111 Enseu, 524, gocyte, 1111111111111, 311, 313,
1 , 1 . 1 - 1 .
7 cognom, 1111111111111, 715. 7 0081071, pere 11 111111, 481.

charybde, 110111111111111, 117, 113, Coeus, 1011111111 comme 1111 011111
381, 5176677678, 693, 6 4. 1111 1131111185. Voir 00101.

0111111(111011111111110111115, 173151. 001031111111, 83, 454, 458.

0111111111 (11), 11011111111111111, 711. 00101, Τι111, 11111 11 1111140, 81,

0111101111111111111,51111111010101 83, 86; 11111 (1110161111, 111 (1.1).
11 de Philyra, 51-511- 1111011511 Colchide (la), 1011111111 1 11111,
mari 11 Chariclo, 114, 661, 6971 56 ·565.
011.11]1101,4,4711-11Α111111,471. 8011111611), 1111111111 du corteto

0111011111, 111111110111111 cybele, 1111111, 579. 10111101.

73. 0011101111 (11), 313 (1. 1). 11011

Chloris, Nympho, 111111 1111109101, Homonoia.

198. CoroPersbphond, 113 (1. 5); 0. 11

01110101(1)01111111111,1111110111- 11111, 11.

11111111, 71 (17 011 0101101, 1111111111 00161111 (1111111111 11), 11111111ιί11
partie du 111 ,9. de Poseidon, 677.

chryse, 1011101111 1111901101, 451. 0010111111011111111, 446. 500.

chrysos, 911111 1111901101, 501. 00101111(11119111Ἀ1111161), 415.

chrysogone, 1111111 11 Poseidon, d ξονιιῖιίε, 1116031111 1111011011, 11111

= ’ 11 91014 .

6781111101, 1111111111 11 111111 111· 0011101111011),1111111110111111,
1111119. 73, 5·76;10010110111111110011111,

0111111), 11111111111, 6. 311 pere 11 1111111 11 111 Telchines, 65, 76.
1111111111, 81, 85. Voir ouranos. 0017111,Νγωρ1111111111 9118901101,
01111110110111 1119011011 111455. 455, 466.

 

