1110111. ⁴ 743

Anchise aux 0118.. 2 2111 7111211111 8., 7167171 1011111111 (111 8., 3221
1117110112112011. 8., 718. 11 7111111211 (111 8., 7231 12 porte 611
663383ἑ1(686ξ161331313ῗ111111111 3111131161Ι 66Ῡ13ῗπ6664ἀ163631’13313161636
(1111111,579. 11011 Insidiae (les). aux 8., 5531 111 8111111112111 8.,
8117101211118), 198, 203. 3061 8111121118, 2 o, 52 , 650,
1312110111, (leant, 85; enfoui 10111 15, 719, 722; 11111261121 .‚ 401
1Ἐ1112, 2221 11111 (11 00101 11 (11 87102211841222 (11.1)182111101111
ΡἚ11861313136131123121111(111), 151.. &affixi:ggazsffigbmrffl

8111711101021191111111),9011111112, 1811214111.

96,135. ’81111121 (111, 11111 11111 vultur

81111, 1111 (1Ἀ11111111, 636, 11 (11 (11111110111,196,317.1’011111221111112
1111111631,636137;1111111(;171· (111). .
don, 6451-(18171, 6341 genealogie 81721101, 1111110111 (11111, 562, 563.
1171111911 (181111, 2311 prietes (18.. Enyo, (111111 de 12 guerre. 562, 584,
2851111012110111, 1211111111, 1111111011 586.

(18.1 11111111, 220, 234, 2 3, 355, ι1111101(1111011011),460, 61,463.

356, 3 71-11211011, 264, 394397, 8011, (11111 Panem, 2434 1111112,
01·402; - 10711111, 341, 3481 -1 3221 Ε. 11 1111011, 235,405,406,412,

71011011,341,4 8499, 517518, 5291 414, 415, 45, 646, 6921 - 11 11111-
-1Μ1111171,2 3447· 81-111111, 111111,681·6821-11Ι)110912, 11,
263, 577, 5815821583, 6381 -1 051 8., pere (11 11111111, 247, 6831
1111211, 1561- aux (111112 (111 8111111, fa 12111111 (18, 240, 6011 12 1110111
155, 157-158,718, 7211-181121111, (18, 257, 41 .

2551-181711, 634: ·- aux (1111111111 Eos, 11111 d‘ 79111011, 83, 871 101111

1111121, 3441 E. 1111111011, 388, 38 , 11’1111101,6081 (11111111111111011, 105·
396, 398, 400, 401, 404, 405, og. 8. 81171111, 87881 1111121 (1*8., 98
08, 11,413,4151-1111111111, 38, (11.8)1 111 1111121111’8.,103.
5417,63611111111.,6891 - 1111901102, 80111 (Lucifer), 21111 (11 11121011,
3385336 525ἵ4ζ5135111151619616 1215141 2583112811, 11111 (111111012811, 43,
4511-11 1111111, 326, 338, 3 4561 filu (11 Poseidon, 675.

5 1- 11 111 Penates. 502, 5061 - 81210,1’11111(111 1111114473 (n. 2);
11 11111111,689-611-1111Τ1111, 1111191111 11 Apollonios et 1111 Vir·
6956961 - 1111113711711111ηο3-7041 gne, 521322..

- et 1111111111, 7221-11 12 81117111, 131161,7)11111191111111 (11 1081121111,

395, 512, 513, 515, 517, 518, 523- 147(11.3),312(11.6),718;1101211181-
52 ,615,6501-1111111111,5ο9-513, 111, 7181 111 01111111 (11 18, 225, 559.
616, 6941- 11 Evandre. 270, 281, 81111111181(0111111712), 176.
6536 61-11111111111111Ἐ.,31,28“; Erginos, Argonaute, 1111 (11 Ρο-
-le atum d'E., 266 11 suiv.. 4161 widun, 669, 671.
1280111111(1’8,281 111111111111011711 8111212101, (1112 0191119111, 7.
1111110111 (18, 318, 319, 7201 111 8111111011111,1111(1182111111,231.
omina qui guident 8., 341, .43, 348- 8111121161 1112 28211818111111011,
351, 396·397; 11 1101111111 11 111 armes 10 , 105, 108, 4631 dans 18111111,
118, 434, 508, 604, 605, 606, 608, 695.

60 , 652, 653, 654, 6961 11 titre de ’1171811 (111), 17 (11.10).1ὀ11811’1.
12311 1971119111 1 8.,2571 8. aux 811711111813711112Λ 1101711111

8111111, 290, 524, 650, 715, 719, 7221 ou 1711111111 (1801, 87, 8831011 eos.
8. compare 1 89011011, 4941 8. 101111- Erinyes (111), 111111 (11 Gaia. 30, 41,
11111 (111 11211 11071111, 5081-(111 305110110181112711111111121,3041
temple (111 Motu-Eryx, 633, 635, 649. - 211111181111111111, 3051 1118. 11

8111111(111111101118111011911, 320, 81113011- 11 Α111, 303, 58311118.
321, 3221 1111211 9111121111 aux 8., 11112811127131121011116118., 1251
147, 5431 Persephone reine (111 8., nombre 1110211118, 303, 307, 3141

121 1110111ρί111 111111 (111 8., 191 1611111181211111111701211171111,
6112118118, 7141 Pluton, 1031111 188 11 1111111011 Eumenides (1111.
8., 151111 (111111 (111 8., 289, 7211 1111171111, 1891-1181111111, 189,
1116211121111118., 642, 7231 111 2061 - et 11111111, 3041 - 11 111
monstres (111 8., 3341111 11111111 (111 11121111111 8171171101, 5411 lentunen

 

